0
-16
0
-16
0
-16
0
-16
4
-16
0
-16
9
-16
0
-16
3
-38
6
-16
0
-16
8
-16
0
-16
0
-16
0
-16
0
-16
0
-16
0
-38
4
-16
1
-16
0
-16
0
-16
5
-16
2
-16
0
-16
6
-16
8
-38
1
-16
9
-16
0
-16
0
-16
0
-16
0
-16
0
-16
0
-16
0
-38
7
-16
8
-16
0
-16
1
-16
3
-16
5
-16
0
-16
9
-16
2
-38
0
-16
0
-16
0
-16
0
-16
0
-16
0
-16
0
-16
5
-16
4
-38
9
-16
4
-16
0
-16
5
-16
7
-16
0
-16
0
-16
2
-16
6
-38
0
-16
0
-16
0
-16
0
-16
0
-16
0
-16
5
-16
0
-16
1
-38
2
-16
0
-16
7
-16
0
-16
8
-16
0
-16
0
-16
0
-16
0
0 0 0 0 4 0 9 0 3 
0 8 0 0 0 0 0 0 4 
0 0 5 2 0 6 8 1 9 
0 0 0 0 0 0 7 8 0 
3 5 0 9 2 0 0 0 0 
0 0 5 4 9 4 0 5 7 
0 2 6 0 0 0 0 0 0 
0 1 2 0 7 0 8 0 0 
